200 198 199
1 11 29
1 124 84
2 38 108 94 118
2 16 66 120 160
1 84 42
2 59 53 74 70
2 58 16 169 105
1 184 32
1 70 113
2 103 55 182 157
2 82 81 178 177
1 85 57
2 101 90 178 97
2 110 165 190 182
1 118 193
1 140 149
2 55 21 73 94
2 39 141 196 186
1 8 13
2 133 5 173 98
2 56 97 61 191
1 4 124
2 89 58 125 194
2 114 164 136 177
2 20 13 87 137
1 70 50
2 135 30 195 101
2 100 23 195 158
2 31 32 193 42
2 3 42 149 56
1 143 13
1 194 59
1 157 70
1 88 102
2 166 102 167 169
2 118 121 169 136
2 33 159 116 175
2 171 43 189 191
2 93 79 148 189
2 97 35 197 141
1 104 91
1 14 156
2 102 91 145 94
2 44 92 133 130
2 124 81 197 187
2 41 163 53 180
1 39 134
2 5 148 116 154
2 41 32 64 166
2 81 24 197 160
2 143 157 184 158
1 179 86
1 89 18
2 44 61 137 84
1 137 146
1 73 116
1 36 53
1 83 14
1 169 7
2 85 7 90 50
1 144 103
1 74 88
2 44 40 72 67
2 25 109 35 112
2 137 35 179 192
2 91 34 177 163
1 132 196
2 129 16 175 186
1 103 139
1 171 2
2 87 54 180 109
2 65 5 129 130
1 192 54
2 9 75 34 164
2 52 98 163 196
1 20 178
1 112 4
2 75 3 121 82
1 66 96
1 174 101
2 13 41 33 55
2 28 45 112 168
1 58 121
2 43 59 77 157
1 188 120
2 89 70 148 76
2 158 16 180 47
1 3 182
1 146 155
2 71 103 111 141
1 47 64
2 60 10 180 159
1 142 189
2 187 31 196 187
2 23 67 120 172
1 168 164
1 2 20
1 116 16
1 104 128
1 59 82
1 76 2
1 29 66
2 105 111 192 198
1 187 118
1 74 197
2 118 64 170 131
2 22 149 138 162
1 130 25
2 85 40 193 93
2 88 86 137 103
2 14 54 81 193
1 39 180
1 193 149
2 114 10 177 116
1 178 166
1 87 179
2 52 11 90 26
2 21 53 40 72
2 15 22 196 73
1 159 21
2 59 98 61 194
2 134 109 155 135
2 14 43 200 92
2 29 123 96 176
1 191 130
1 76 182
2 15 40 185 163
1 157 180
2 23 109 39 126
2 44 48 87 162
2 114 147 155 186
2 118 22 192 177
1 22 121
2 115 185 189 190
2 49 62 82 108
2 89 136 141 182
2 64 101 171 154
1 165 124
2 34 33 56 70
1 141 137
2 83 42 140 117
2 32 95 103 135
1 41 111
2 67 6 115 81
1 123 191
2 88 26 183 85
2 22 33 152 85
2 97 76 192 108
2 32 153 121 181
2 51 22 172 167
2 25 25 111 134
1 71 171
2 16 25 188 67
1 51 33
2 154 93 167 159
2 7 66 91 110
2 151 122 169 153
1 57 100
2 84 54 184 156
1 119 7
1 121 127
1 186 34
1 44 148
2 61 95 84 117
1 169 151
1 27 56
2 61 130 79 160
1 144 155
1 36 195
1 136 104
2 70 63 84 69
1 181 34
1 41 194
1 48 196
2 62 1 115 43
1 48 149
1 156 169
1 64 38
1 127 136
1 169 110
2 24 30 138 160
1 140 192
1 102 55
2 45 10 184 109
2 17 96 183 139
2 1 32 136 162
2 58 57 184 63
2 26 145 39 193
2 157 163 194 198
1 118 37
2 96 156 139 184
2 127 122 182 182
1 47 159
2 19 133 160 156
1 116 11
1 55 191
2 19 3 59 97
1 98 82
1 185 86
